chisq: (1000) 1.30156e+08
chisq: (100) 1.30647e+08
chisq: (10) 1.31558e+08
chisq: (1) 1.32652e+08
